
0.2257,  0.0121, -1.3306,  0.1647,  1.0636


 0.3227,  0.3356,  0.0804,  0.4121,  0.2817,
        -0.0523, -0.4441,  0.1091, -0.2768,  0.2344,
        -0.3236, -0.3373, -0.3080,  0.3878, -0.2579,
         0.0323, -0.0680,  0.2735, -0.2507,  0.3750,
        -0.0678,  0.0591, -0.1246,  0.0840, -0.1515,
        -0.2360, -0.2440,  0.1295,  0.2099,  0.3450,
        -0.2095,  0.1793,  0.3417, -0.0057, -0.3862,
        -0.4196, -0.2469,  0.0508, -0.1741, -0.2394,
        -0.1452,  0.0960,  0.1259,  0.3661,  0.3111,
         0.1407,  0.2389, -0.0888,  0.3204, -0.3112


0.2630, -0.3094,  0.1290, -0.0564, -0.1398, -0.0148, -0.9799, -0.2274,
         0.2203, -0.5072
